Webots Project File version R2022a
perspectives: 000000ff00000000fd000000020000000100000330000003a2fc0200000001fb0000001400540065007800740045006400690074006f00720100000016000003a20000008900ffffff000000030000078000000039fc0100000001fb0000001a0043006f006e0073006f006c00650041006c006c0041006c006c0100000000000007800000006900ffffff0000044e000003a200000001000000020000000100000008fc00000000
simulationViewPerspectives: 000000ff0000000100000002000001890000033b0100000002010000000100
sceneTreePerspectives: 000000ff0000000100000002000001f9000000fa0100000002010000000200
maximizedDockId: -1
centralWidgetVisible: 1
orthographicViewHeight: 1
textFiles: 0 "../../../../applications/webots/projects/default/controllers/ros/Ros.cpp"
consoles: Console:All:All
renderingDevicePerspectives: SummitXl:summit_xl_front_ptz_camera_sensor;1;0.40625;0;0
renderingDevicePerspectives: robot:summit_xl_front_ptz_camera_sensor;1;0.40625;0;0
